   0    1
  72   73
 144  145
 216  217
 288  289
 360  361
 432  433
 504  505
 576  577
 648  649
 720  721
 792  793
 864  865
 936  937
1008 1009
1080 1081
   2    3
  74   75
 146  147
 218  219
 290  291
 362  363
 434  435
 506  507
 578  579
 650  651
 722  723
 794  795
 866  867
 938  939
1010 1011
1082 1083
   4    5
  76   77
 148  149
 220  221
 292  293
 364  365
 436  437
 508  509
 580  581
 652  653
 724  725
 796  797
 868  869
 940  941
1012 1013
1084 1085
   6    7
  78   79
 150  151
 222  223
 294  295
 366  367
 438  439
 510  511
 582  583
 654  655
 726  727
 798  799
 870  871
 942  943
1014 1015
1086 1087
1152 1153
1224 1225
1296 1297
1368 1369
1440 1441
1512 1513
1584 1585
1656 1657
1728 1729
1800 1801
1872 1873
1944 1945
2016 2017
2088 2089
2160 2161
2232 2233
1154 1155
1226 1227
1298 1299
1370 1371
1442 1443
1514 1515
1586 1587
1658 1659
1730 1731
1802 1803
1874 1875
1946 1947
2018 2019
2090 2091
2162 2163
2234 2235
1156 1157
1228 1229
1300 1301
1372 1373
1444 1445
1516 1517
1588 1589
1660 1661
1732 1733
1804 1805
1876 1877
1948 1949
2020 2021
2092 2093
2164 2165
2236 2237
1158 1159
1230 1231
1302 1303
1374 1375
1446 1447
1518 1519
1590 1591
1662 1663
1734 1735
1806 1807
1878 1879
1950 1951
2022 2023
2094 2095
2166 2167
2238 2239
2304 2305
2376 2377
2448 2449
2520 2521
2592 2593
2664 2665
2736 2737
2808 2809
2880 2881
2952 2953
3024 3025
3096 3097
3168 3169
3240 3241
3312 3313
3384 3385
2306 2307
2378 2379
2450 2451
2522 2523
2594 2595
2666 2667
2738 2739
2810 2811
2882 2883
2954 2955
3026 3027
3098 3099
3170 3171
3242 3243
3314 3315
3386 3387
2308 2309
2380 2381
2452 2453
2524 2525
2596 2597
2668 2669
2740 2741
2812 2813
2884 2885
2956 2957
3028 3029
3100 3101
3172 3173
3244 3245
3316 3317
3388 3389
2310 2311
2382 2383
2454 2455
2526 2527
2598 2599
2670 2671
2742 2743
2814 2815
2886 2887
2958 2959
3030 3031
3102 3103
3174 3175
3246 3247
3318 3319
3390 3391
3456 3457
3528 3529
3600 3601
3672 3673
3744 3745
3816 3817
3888 3889
3960 3961
4032 4033
4104 4105
4176 4177
4248 4249
4320 4321
4392 4393
4464 4465
4536 4537
3458 3459
3530 3531
3602 3603
3674 3675
3746 3747
3818 3819
3890 3891
3962 3963
4034 4035
4106 4107
4178 4179
4250 4251
4322 4323
4394 4395
4466 4467
4538 4539
3460 3461
3532 3533
3604 3605
3676 3677
3748 3749
3820 3821
3892 3893
3964 3965
4036 4037
4108 4109
4180 4181
4252 4253
4324 4325
4396 4397
4468 4469
4540 4541
3462 3463
3534 3535
3606 3607
3678 3679
3750 3751
3822 3823
3894 3895
3966 3967
4038 4039
4110 4111
4182 4183
4254 4255
4326 4327
4398 4399
4470 4471
4542 4543
