   0    1    2    3    4    5    6    7 2048 2049 2050 2051 2052 2053 2054 2055 4096 4097 4098 4099 4100 4101 4102 4103 6144 6145 6146 6147 6148 6149 6150 6151
   8    9   10   11   12   13   14   15 2056 2057 2058 2059 2060 2061 2062 2063 4104 4105 4106 4107 4108 4109 4110 4111 6152 6153 6154 6155 6156 6157 6158 6159
  16   17   18   19   20   21   22   23 2064 2065 2066 2067 2068 2069 2070 2071 4112 4113 4114 4115 4116 4117 4118 4119 6160 6161 6162 6163 6164 6165 6166 6167
  24   25   26   27   28   29   30   31 2072 2073 2074 2075 2076 2077 2078 2079 4120 4121 4122 4123 4124 4125 4126 4127 6168 6169 6170 6171 6172 6173 6174 6175
  32   33   34   35   36   37   38   39 2080 2081 2082 2083 2084 2085 2086 2087 4128 4129 4130 4131 4132 4133 4134 4135 6176 6177 6178 6179 6180 6181 6182 6183
  40   41   42   43   44   45   46   47 2088 2089 2090 2091 2092 2093 2094 2095 4136 4137 4138 4139 4140 4141 4142 4143 6184 6185 6186 6187 6188 6189 6190 6191
  48   49   50   51   52   53   54   55 2096 2097 2098 2099 2100 2101 2102 2103 4144 4145 4146 4147 4148 4149 4150 4151 6192 6193 6194 6195 6196 6197 6198 6199
  56   57   58   59   60   61   62   63 2104 2105 2106 2107 2108 2109 2110 2111 4152 4153 4154 4155 4156 4157 4158 4159 6200 6201 6202 6203 6204 6205 6206 6207
  72   73   74   75   76   77   78   79 2120 2121 2122 2123 2124 2125 2126 2127 4168 4169 4170 4171 4172 4173 4174 4175 6216 6217 6218 6219 6220 6221 6222 6223
  80   81   82   83   84   85   86   87 2128 2129 2130 2131 2132 2133 2134 2135 4176 4177 4178 4179 4180 4181 4182 4183 6224 6225 6226 6227 6228 6229 6230 6231
  88   89   90   91   92   93   94   95 2136 2137 2138 2139 2140 2141 2142 2143 4184 4185 4186 4187 4188 4189 4190 4191 6232 6233 6234 6235 6236 6237 6238 6239
  96   97   98   99  100  101  102  103 2144 2145 2146 2147 2148 2149 2150 2151 4192 4193 4194 4195 4196 4197 4198 4199 6240 6241 6242 6243 6244 6245 6246 6247
 104  105  106  107  108  109  110  111 2152 2153 2154 2155 2156 2157 2158 2159 4200 4201 4202 4203 4204 4205 4206 4207 6248 6249 6250 6251 6252 6253 6254 6255
 112  113  114  115  116  117  118  119 2160 2161 2162 2163 2164 2165 2166 2167 4208 4209 4210 4211 4212 4213 4214 4215 6256 6257 6258 6259 6260 6261 6262 6263
 120  121  122  123  124  125  126  127 2168 2169 2170 2171 2172 2173 2174 2175 4216 4217 4218 4219 4220 4221 4222 4223 6264 6265 6266 6267 6268 6269 6270 6271
 128  129  130  131  132  133  134  135 2176 2177 2178 2179 2180 2181 2182 2183 4224 4225 4226 4227 4228 4229 4230 4231 6272 6273 6274 6275 6276 6277 6278 6279
 144  145  146  147  148  149  150  151 2192 2193 2194 2195 2196 2197 2198 2199 4240 4241 4242 4243 4244 4245 4246 4247 6288 6289 6290 6291 6292 6293 6294 6295
 152  153  154  155  156  157  158  159 2200 2201 2202 2203 2204 2205 2206 2207 4248 4249 4250 4251 4252 4253 4254 4255 6296 6297 6298 6299 6300 6301 6302 6303
 160  161  162  163  164  165  166  167 2208 2209 2210 2211 2212 2213 2214 2215 4256 4257 4258 4259 4260 4261 4262 4263 6304 6305 6306 6307 6308 6309 6310 6311
 168  169  170  171  172  173  174  175 2216 2217 2218 2219 2220 2221 2222 2223 4264 4265 4266 4267 4268 4269 4270 4271 6312 6313 6314 6315 6316 6317 6318 6319
 176  177  178  179  180  181  182  183 2224 2225 2226 2227 2228 2229 2230 2231 4272 4273 4274 4275 4276 4277 4278 4279 6320 6321 6322 6323 6324 6325 6326 6327
 184  185  186  187  188  189  190  191 2232 2233 2234 2235 2236 2237 2238 2239 4280 4281 4282 4283 4284 4285 4286 4287 6328 6329 6330 6331 6332 6333 6334 6335
 192  193  194  195  196  197  198  199 2240 2241 2242 2243 2244 2245 2246 2247 4288 4289 4290 4291 4292 4293 4294 4295 6336 6337 6338 6339 6340 6341 6342 6343
 200  201  202  203  204  205  206  207 2248 2249 2250 2251 2252 2253 2254 2255 4296 4297 4298 4299 4300 4301 4302 4303 6344 6345 6346 6347 6348 6349 6350 6351
 216  217  218  219  220  221  222  223 2264 2265 2266 2267 2268 2269 2270 2271 4312 4313 4314 4315 4316 4317 4318 4319 6360 6361 6362 6363 6364 6365 6366 6367
 224  225  226  227  228  229  230  231 2272 2273 2274 2275 2276 2277 2278 2279 4320 4321 4322 4323 4324 4325 4326 4327 6368 6369 6370 6371 6372 6373 6374 6375
 232  233  234  235  236  237  238  239 2280 2281 2282 2283 2284 2285 2286 2287 4328 4329 4330 4331 4332 4333 4334 4335 6376 6377 6378 6379 6380 6381 6382 6383
 240  241  242  243  244  245  246  247 2288 2289 2290 2291 2292 2293 2294 2295 4336 4337 4338 4339 4340 4341 4342 4343 6384 6385 6386 6387 6388 6389 6390 6391
 248  249  250  251  252  253  254  255 2296 2297 2298 2299 2300 2301 2302 2303 4344 4345 4346 4347 4348 4349 4350 4351 6392 6393 6394 6395 6396 6397 6398 6399
 256  257  258  259  260  261  262  263 2304 2305 2306 2307 2308 2309 2310 2311 4352 4353 4354 4355 4356 4357 4358 4359 6400 6401 6402 6403 6404 6405 6406 6407
 264  265  266  267  268  269  270  271 2312 2313 2314 2315 2316 2317 2318 2319 4360 4361 4362 4363 4364 4365 4366 4367 6408 6409 6410 6411 6412 6413 6414 6415
 272  273  274  275  276  277  278  279 2320 2321 2322 2323 2324 2325 2326 2327 4368 4369 4370 4371 4372 4373 4374 4375 6416 6417 6418 6419 6420 6421 6422 6423
 288  289  290  291  292  293  294  295 2336 2337 2338 2339 2340 2341 2342 2343 4384 4385 4386 4387 4388 4389 4390 4391 6432 6433 6434 6435 6436 6437 6438 6439
 296  297  298  299  300  301  302  303 2344 2345 2346 2347 2348 2349 2350 2351 4392 4393 4394 4395 4396 4397 4398 4399 6440 6441 6442 6443 6444 6445 6446 6447
 304  305  306  307  308  309  310  311 2352 2353 2354 2355 2356 2357 2358 2359 4400 4401 4402 4403 4404 4405 4406 4407 6448 6449 6450 6451 6452 6453 6454 6455
 312  313  314  315  316  317  318  319 2360 2361 2362 2363 2364 2365 2366 2367 4408 4409 4410 4411 4412 4413 4414 4415 6456 6457 6458 6459 6460 6461 6462 6463
 320  321  322  323  324  325  326  327 2368 2369 2370 2371 2372 2373 2374 2375 4416 4417 4418 4419 4420 4421 4422 4423 6464 6465 6466 6467 6468 6469 6470 6471
 328  329  330  331  332  333  334  335 2376 2377 2378 2379 2380 2381 2382 2383 4424 4425 4426 4427 4428 4429 4430 4431 6472 6473 6474 6475 6476 6477 6478 6479
 336  337  338  339  340  341  342  343 2384 2385 2386 2387 2388 2389 2390 2391 4432 4433 4434 4435 4436 4437 4438 4439 6480 6481 6482 6483 6484 6485 6486 6487
 344  345  346  347  348  349  350  351 2392 2393 2394 2395 2396 2397 2398 2399 4440 4441 4442 4443 4444 4445 4446 4447 6488 6489 6490 6491 6492 6493 6494 6495
 360  361  362  363  364  365  366  367 2408 2409 2410 2411 2412 2413 2414 2415 4456 4457 4458 4459 4460 4461 4462 4463 6504 6505 6506 6507 6508 6509 6510 6511
 368  369  370  371  372  373  374  375 2416 2417 2418 2419 2420 2421 2422 2423 4464 4465 4466 4467 4468 4469 4470 4471 6512 6513 6514 6515 6516 6517 6518 6519
 376  377  378  379  380  381  382  383 2424 2425 2426 2427 2428 2429 2430 2431 4472 4473 4474 4475 4476 4477 4478 4479 6520 6521 6522 6523 6524 6525 6526 6527
 384  385  386  387  388  389  390  391 2432 2433 2434 2435 2436 2437 2438 2439 4480 4481 4482 4483 4484 4485 4486 4487 6528 6529 6530 6531 6532 6533 6534 6535
 392  393  394  395  396  397  398  399 2440 2441 2442 2443 2444 2445 2446 2447 4488 4489 4490 4491 4492 4493 4494 4495 6536 6537 6538 6539 6540 6541 6542 6543
 400  401  402  403  404  405  406  407 2448 2449 2450 2451 2452 2453 2454 2455 4496 4497 4498 4499 4500 4501 4502 4503 6544 6545 6546 6547 6548 6549 6550 6551
 408  409  410  411  412  413  414  415 2456 2457 2458 2459 2460 2461 2462 2463 4504 4505 4506 4507 4508 4509 4510 4511 6552 6553 6554 6555 6556 6557 6558 6559
 416  417  418  419  420  421  422  423 2464 2465 2466 2467 2468 2469 2470 2471 4512 4513 4514 4515 4516 4517 4518 4519 6560 6561 6562 6563 6564 6565 6566 6567
 432  433  434  435  436  437  438  439 2480 2481 2482 2483 2484 2485 2486 2487 4528 4529 4530 4531 4532 4533 4534 4535 6576 6577 6578 6579 6580 6581 6582 6583
 440  441  442  443  444  445  446  447 2488 2489 2490 2491 2492 2493 2494 2495 4536 4537 4538 4539 4540 4541 4542 4543 6584 6585 6586 6587 6588 6589 6590 6591
 448  449  450  451  452  453  454  455 2496 2497 2498 2499 2500 2501 2502 2503 4544 4545 4546 4547 4548 4549 4550 4551 6592 6593 6594 6595 6596 6597 6598 6599
 456  457  458  459  460  461  462  463 2504 2505 2506 2507 2508 2509 2510 2511 4552 4553 4554 4555 4556 4557 4558 4559 6600 6601 6602 6603 6604 6605 6606 6607
 464  465  466  467  468  469  470  471 2512 2513 2514 2515 2516 2517 2518 2519 4560 4561 4562 4563 4564 4565 4566 4567 6608 6609 6610 6611 6612 6613 6614 6615
 472  473  474  475  476  477  478  479 2520 2521 2522 2523 2524 2525 2526 2527 4568 4569 4570 4571 4572 4573 4574 4575 6616 6617 6618 6619 6620 6621 6622 6623
 480  481  482  483  484  485  486  487 2528 2529 2530 2531 2532 2533 2534 2535 4576 4577 4578 4579 4580 4581 4582 4583 6624 6625 6626 6627 6628 6629 6630 6631
 488  489  490  491  492  493  494  495 2536 2537 2538 2539 2540 2541 2542 2543 4584 4585 4586 4587 4588 4589 4590 4591 6632 6633 6634 6635 6636 6637 6638 6639
 504  505  506  507  508  509  510  511 2552 2553 2554 2555 2556 2557 2558 2559 4600 4601 4602 4603 4604 4605 4606 4607 6648 6649 6650 6651 6652 6653 6654 6655
 512  513  514  515  516  517  518  519 2560 2561 2562 2563 2564 2565 2566 2567 4608 4609 4610 4611 4612 4613 4614 4615 6656 6657 6658 6659 6660 6661 6662 6663
 520  521  522  523  524  525  526  527 2568 2569 2570 2571 2572 2573 2574 2575 4616 4617 4618 4619 4620 4621 4622 4623 6664 6665 6666 6667 6668 6669 6670 6671
 528  529  530  531  532  533  534  535 2576 2577 2578 2579 2580 2581 2582 2583 4624 4625 4626 4627 4628 4629 4630 4631 6672 6673 6674 6675 6676 6677 6678 6679
 536  537  538  539  540  541  542  543 2584 2585 2586 2587 2588 2589 2590 2591 4632 4633 4634 4635 4636 4637 4638 4639 6680 6681 6682 6683 6684 6685 6686 6687
 544  545  546  547  548  549  550  551 2592 2593 2594 2595 2596 2597 2598 2599 4640 4641 4642 4643 4644 4645 4646 4647 6688 6689 6690 6691 6692 6693 6694 6695
 552  553  554  555  556  557  558  559 2600 2601 2602 2603 2604 2605 2606 2607 4648 4649 4650 4651 4652 4653 4654 4655 6696 6697 6698 6699 6700 6701 6702 6703
 560  561  562  563  564  565  566  567 2608 2609 2610 2611 2612 2613 2614 2615 4656 4657 4658 4659 4660 4661 4662 4663 6704 6705 6706 6707 6708 6709 6710 6711
 576  577  578  579  580  581  582  583 2624 2625 2626 2627 2628 2629 2630 2631 4672 4673 4674 4675 4676 4677 4678 4679 6720 6721 6722 6723 6724 6725 6726 6727
 584  585  586  587  588  589  590  591 2632 2633 2634 2635 2636 2637 2638 2639 4680 4681 4682 4683 4684 4685 4686 4687 6728 6729 6730 6731 6732 6733 6734 6735
 592  593  594  595  596  597  598  599 2640 2641 2642 2643 2644 2645 2646 2647 4688 4689 4690 4691 4692 4693 4694 4695 6736 6737 6738 6739 6740 6741 6742 6743
 600  601  602  603  604  605  606  607 2648 2649 2650 2651 2652 2653 2654 2655 4696 4697 4698 4699 4700 4701 4702 4703 6744 6745 6746 6747 6748 6749 6750 6751
 608  609  610  611  612  613  614  615 2656 2657 2658 2659 2660 2661 2662 2663 4704 4705 4706 4707 4708 4709 4710 4711 6752 6753 6754 6755 6756 6757 6758 6759
 616  617  618  619  620  621  622  623 2664 2665 2666 2667 2668 2669 2670 2671 4712 4713 4714 4715 4716 4717 4718 4719 6760 6761 6762 6763 6764 6765 6766 6767
 624  625  626  627  628  629  630  631 2672 2673 2674 2675 2676 2677 2678 2679 4720 4721 4722 4723 4724 4725 4726 4727 6768 6769 6770 6771 6772 6773 6774 6775
 632  633  634  635  636  637  638  639 2680 2681 2682 2683 2684 2685 2686 2687 4728 4729 4730 4731 4732 4733 4734 4735 6776 6777 6778 6779 6780 6781 6782 6783
 648  649  650  651  652  653  654  655 2696 2697 2698 2699 2700 2701 2702 2703 4744 4745 4746 4747 4748 4749 4750 4751 6792 6793 6794 6795 6796 6797 6798 6799
 656  657  658  659  660  661  662  663 2704 2705 2706 2707 2708 2709 2710 2711 4752 4753 4754 4755 4756 4757 4758 4759 6800 6801 6802 6803 6804 6805 6806 6807
 664  665  666  667  668  669  670  671 2712 2713 2714 2715 2716 2717 2718 2719 4760 4761 4762 4763 4764 4765 4766 4767 6808 6809 6810 6811 6812 6813 6814 6815
 672  673  674  675  676  677  678  679 2720 2721 2722 2723 2724 2725 2726 2727 4768 4769 4770 4771 4772 4773 4774 4775 6816 6817 6818 6819 6820 6821 6822 6823
 680  681  682  683  684  685  686  687 2728 2729 2730 2731 2732 2733 2734 2735 4776 4777 4778 4779 4780 4781 4782 4783 6824 6825 6826 6827 6828 6829 6830 6831
 688  689  690  691  692  693  694  695 2736 2737 2738 2739 2740 2741 2742 2743 4784 4785 4786 4787 4788 4789 4790 4791 6832 6833 6834 6835 6836 6837 6838 6839
 696  697  698  699  700  701  702  703 2744 2745 2746 2747 2748 2749 2750 2751 4792 4793 4794 4795 4796 4797 4798 4799 6840 6841 6842 6843 6844 6845 6846 6847
 704  705  706  707  708  709  710  711 2752 2753 2754 2755 2756 2757 2758 2759 4800 4801 4802 4803 4804 4805 4806 4807 6848 6849 6850 6851 6852 6853 6854 6855
 720  721  722  723  724  725  726  727 2768 2769 2770 2771 2772 2773 2774 2775 4816 4817 4818 4819 4820 4821 4822 4823 6864 6865 6866 6867 6868 6869 6870 6871
 728  729  730  731  732  733  734  735 2776 2777 2778 2779 2780 2781 2782 2783 4824 4825 4826 4827 4828 4829 4830 4831 6872 6873 6874 6875 6876 6877 6878 6879
 736  737  738  739  740  741  742  743 2784 2785 2786 2787 2788 2789 2790 2791 4832 4833 4834 4835 4836 4837 4838 4839 6880 6881 6882 6883 6884 6885 6886 6887
 744  745  746  747  748  749  750  751 2792 2793 2794 2795 2796 2797 2798 2799 4840 4841 4842 4843 4844 4845 4846 4847 6888 6889 6890 6891 6892 6893 6894 6895
 752  753  754  755  756  757  758  759 2800 2801 2802 2803 2804 2805 2806 2807 4848 4849 4850 4851 4852 4853 4854 4855 6896 6897 6898 6899 6900 6901 6902 6903
 760  761  762  763  764  765  766  767 2808 2809 2810 2811 2812 2813 2814 2815 4856 4857 4858 4859 4860 4861 4862 4863 6904 6905 6906 6907 6908 6909 6910 6911
 768  769  770  771  772  773  774  775 2816 2817 2818 2819 2820 2821 2822 2823 4864 4865 4866 4867 4868 4869 4870 4871 6912 6913 6914 6915 6916 6917 6918 6919
 776  777  778  779  780  781  782  783 2824 2825 2826 2827 2828 2829 2830 2831 4872 4873 4874 4875 4876 4877 4878 4879 6920 6921 6922 6923 6924 6925 6926 6927
 792  793  794  795  796  797  798  799 2840 2841 2842 2843 2844 2845 2846 2847 4888 4889 4890 4891 4892 4893 4894 4895 6936 6937 6938 6939 6940 6941 6942 6943
 800  801  802  803  804  805  806  807 2848 2849 2850 2851 2852 2853 2854 2855 4896 4897 4898 4899 4900 4901 4902 4903 6944 6945 6946 6947 6948 6949 6950 6951
 808  809  810  811  812  813  814  815 2856 2857 2858 2859 2860 2861 2862 2863 4904 4905 4906 4907 4908 4909 4910 4911 6952 6953 6954 6955 6956 6957 6958 6959
 816  817  818  819  820  821  822  823 2864 2865 2866 2867 2868 2869 2870 2871 4912 4913 4914 4915 4916 4917 4918 4919 6960 6961 6962 6963 6964 6965 6966 6967
 824  825  826  827  828  829  830  831 2872 2873 2874 2875 2876 2877 2878 2879 4920 4921 4922 4923 4924 4925 4926 4927 6968 6969 6970 6971 6972 6973 6974 6975
 832  833  834  835  836  837  838  839 2880 2881 2882 2883 2884 2885 2886 2887 4928 4929 4930 4931 4932 4933 4934 4935 6976 6977 6978 6979 6980 6981 6982 6983
 840  841  842  843  844  845  846  847 2888 2889 2890 2891 2892 2893 2894 2895 4936 4937 4938 4939 4940 4941 4942 4943 6984 6985 6986 6987 6988 6989 6990 6991
 848  849  850  851  852  853  854  855 2896 2897 2898 2899 2900 2901 2902 2903 4944 4945 4946 4947 4948 4949 4950 4951 6992 6993 6994 6995 6996 6997 6998 6999
 864  865  866  867  868  869  870  871 2912 2913 2914 2915 2916 2917 2918 2919 4960 4961 4962 4963 4964 4965 4966 4967 7008 7009 7010 7011 7012 7013 7014 7015
 872  873  874  875  876  877  878  879 2920 2921 2922 2923 2924 2925 2926 2927 4968 4969 4970 4971 4972 4973 4974 4975 7016 7017 7018 7019 7020 7021 7022 7023
 880  881  882  883  884  885  886  887 2928 2929 2930 2931 2932 2933 2934 2935 4976 4977 4978 4979 4980 4981 4982 4983 7024 7025 7026 7027 7028 7029 7030 7031
 888  889  890  891  892  893  894  895 2936 2937 2938 2939 2940 2941 2942 2943 4984 4985 4986 4987 4988 4989 4990 4991 7032 7033 7034 7035 7036 7037 7038 7039
 896  897  898  899  900  901  902  903 2944 2945 2946 2947 2948 2949 2950 2951 4992 4993 4994 4995 4996 4997 4998 4999 7040 7041 7042 7043 7044 7045 7046 7047
 904  905  906  907  908  909  910  911 2952 2953 2954 2955 2956 2957 2958 2959 5000 5001 5002 5003 5004 5005 5006 5007 7048 7049 7050 7051 7052 7053 7054 7055
 912  913  914  915  916  917  918  919 2960 2961 2962 2963 2964 2965 2966 2967 5008 5009 5010 5011 5012 5013 5014 5015 7056 7057 7058 7059 7060 7061 7062 7063
 920  921  922  923  924  925  926  927 2968 2969 2970 2971 2972 2973 2974 2975 5016 5017 5018 5019 5020 5021 5022 5023 7064 7065 7066 7067 7068 7069 7070 7071
 936  937  938  939  940  941  942  943 2984 2985 2986 2987 2988 2989 2990 2991 5032 5033 5034 5035 5036 5037 5038 5039 7080 7081 7082 7083 7084 7085 7086 7087
 944  945  946  947  948  949  950  951 2992 2993 2994 2995 2996 2997 2998 2999 5040 5041 5042 5043 5044 5045 5046 5047 7088 7089 7090 7091 7092 7093 7094 7095
 952  953  954  955  956  957  958  959 3000 3001 3002 3003 3004 3005 3006 3007 5048 5049 5050 5051 5052 5053 5054 5055 7096 7097 7098 7099 7100 7101 7102 7103
 960  961  962  963  964  965  966  967 3008 3009 3010 3011 3012 3013 3014 3015 5056 5057 5058 5059 5060 5061 5062 5063 7104 7105 7106 7107 7108 7109 7110 7111
 968  969  970  971  972  973  974  975 3016 3017 3018 3019 3020 3021 3022 3023 5064 5065 5066 5067 5068 5069 5070 5071 7112 7113 7114 7115 7116 7117 7118 7119
 976  977  978  979  980  981  982  983 3024 3025 3026 3027 3028 3029 3030 3031 5072 5073 5074 5075 5076 5077 5078 5079 7120 7121 7122 7123 7124 7125 7126 7127
 984  985  986  987  988  989  990  991 3032 3033 3034 3035 3036 3037 3038 3039 5080 5081 5082 5083 5084 5085 5086 5087 7128 7129 7130 7131 7132 7133 7134 7135
 992  993  994  995  996  997  998  999 3040 3041 3042 3043 3044 3045 3046 3047 5088 5089 5090 5091 5092 5093 5094 5095 7136 7137 7138 7139 7140 7141 7142 7143
1008 1009 1010 1011 1012 1013 1014 1015 3056 3057 3058 3059 3060 3061 3062 3063 5104 5105 5106 5107 5108 5109 5110 5111 7152 7153 7154 7155 7156 7157 7158 7159
1016 1017 1018 1019 1020 1021 1022 1023 3064 3065 3066 3067 3068 3069 3070 3071 5112 5113 5114 5115 5116 5117 5118 5119 7160 7161 7162 7163 7164 7165 7166 7167
1024 1025 1026 1027 1028 1029 1030 1031 3072 3073 3074 3075 3076 3077 3078 3079 5120 5121 5122 5123 5124 5125 5126 5127 7168 7169 7170 7171 7172 7173 7174 7175
1032 1033 1034 1035 1036 1037 1038 1039 3080 3081 3082 3083 3084 3085 3086 3087 5128 5129 5130 5131 5132 5133 5134 5135 7176 7177 7178 7179 7180 7181 7182 7183
1040 1041 1042 1043 1044 1045 1046 1047 3088 3089 3090 3091 3092 3093 3094 3095 5136 5137 5138 5139 5140 5141 5142 5143 7184 7185 7186 7187 7188 7189 7190 7191
1048 1049 1050 1051 1052 1053 1054 1055 3096 3097 3098 3099 3100 3101 3102 3103 5144 5145 5146 5147 5148 5149 5150 5151 7192 7193 7194 7195 7196 7197 7198 7199
1056 1057 1058 1059 1060 1061 1062 1063 3104 3105 3106 3107 3108 3109 3110 3111 5152 5153 5154 5155 5156 5157 5158 5159 7200 7201 7202 7203 7204 7205 7206 7207
1064 1065 1066 1067 1068 1069 1070 1071 3112 3113 3114 3115 3116 3117 3118 3119 5160 5161 5162 5163 5164 5165 5166 5167 7208 7209 7210 7211 7212 7213 7214 7215
1080 1081 1082 1083 1084 1085 1086 1087 3128 3129 3130 3131 3132 3133 3134 3135 5176 5177 5178 5179 5180 5181 5182 5183 7224 7225 7226 7227 7228 7229 7230 7231
1088 1089 1090 1091 1092 1093 1094 1095 3136 3137 3138 3139 3140 3141 3142 3143 5184 5185 5186 5187 5188 5189 5190 5191 7232 7233 7234 7235 7236 7237 7238 7239
1096 1097 1098 1099 1100 1101 1102 1103 3144 3145 3146 3147 3148 3149 3150 3151 5192 5193 5194 5195 5196 5197 5198 5199 7240 7241 7242 7243 7244 7245 7246 7247
1104 1105 1106 1107 1108 1109 1110 1111 3152 3153 3154 3155 3156 3157 3158 3159 5200 5201 5202 5203 5204 5205 5206 5207 7248 7249 7250 7251 7252 7253 7254 7255
1112 1113 1114 1115 1116 1117 1118 1119 3160 3161 3162 3163 3164 3165 3166 3167 5208 5209 5210 5211 5212 5213 5214 5215 7256 7257 7258 7259 7260 7261 7262 7263
1120 1121 1122 1123 1124 1125 1126 1127 3168 3169 3170 3171 3172 3173 3174 3175 5216 5217 5218 5219 5220 5221 5222 5223 7264 7265 7266 7267 7268 7269 7270 7271
1128 1129 1130 1131 1132 1133 1134 1135 3176 3177 3178 3179 3180 3181 3182 3183 5224 5225 5226 5227 5228 5229 5230 5231 7272 7273 7274 7275 7276 7277 7278 7279
1136 1137 1138 1139 1140 1141 1142 1143 3184 3185 3186 3187 3188 3189 3190 3191 5232 5233 5234 5235 5236 5237 5238 5239 7280 7281 7282 7283 7284 7285 7286 7287
